M1=100
M2=95
b=50
K1=50
K12=80